4 2147483649
30000 1
30048 763
3004c 8222
10104 623616
302f4 0
302ec 0
302f8 0
302f0 0
10264 0
10268 0
1026c 0
600 1
3007c 1000
300bc 1
670 1000
30120 1
934 4031643727
30130 1
904 1
d00 0
d04 1073743324
10120 9156
10124 220
10144 4
900 1
301b0 0
302b4 0
3006c 748029
10180 2952814656
306c8 0
30b68 0
30308 0
3030c 0
30310 4096
10190 32
30314 27000
10194 2
10198 2147483648
30318 1
30320 0
30360 4096
303e0 0
10184 32
303a0 480
30420 0
10188 4
10150 3072
101b4 2
101b8 2
30460 0
30608 0
3060c 0
101e0 83886080
30610 35127316
101c8 1
306f4 0
101dc 0
30720 0
101a0 2294808576
101a4 268714112
30600 65537
30724 5
30b08 0
10e40 268435584
10e3c 134742016
306d0 0
101bc 0
101c0 0
101c4 0
3074c 0
30680 0
101a8 8683520
304a0 65537
1018c 3489714176
306c4 0
101ac 2143289344
306dc 0
101d0 0
1010000 0
1010004 0
10200 905969664
30800 2
30804 2147483648
30808 1
30814 1
10244 1
10240 1023
30844 6
30818 1
10250 1023
10254 1
3081c 208333
10238 10000
10234 1
10230 1000000000
3082c 10000
102c0 100000
102c4 20
30b0c 7609
30b64 100000
30824 157863
30b6c 1000000000
10210 4148623616
30848 0
10214 37748736
30b00 0
30840 0
308d8 0
30918 0
10284 3623878656
30d00 0
30d04 0
30d0c 0
30d10 8
50010 0
30998 0
10220 16000000
10224 0
30b38 0
30b3c 0
30b1c 0
30b70 0
10204 4261544448
30b28 0
31450 0
30b20 0
30b04 50
10208 50000
1020c 5
31400 5
31404 1000
10500 5
10508 1
10514 50000
10518 1
31430 0
30b14 0
30b18 10000
102cc 10
102d0 120000
102d4 1
e1130 0
e112c 0
101cc 1073741824
10260 0
40104 0
10278 0
1027c 1
10274 0
10270 0
10414 64
10418 732
10440 1
10460 16376
10410 343932928
10570 69639
31520 1000
10574 0
31220 0
31200 64
104f4 0
31408 64
3140c 732
10520 64
10534 732
314a4 0
31528 0
104d0 4294967295
31248 0
31244 0
104d8 1103101952
104d4 3250585600
104e0 4294967295
3133c 64
104e4 0
104e8 255
104ec 1
3124c 0
31270 0
31250 30
10428 4095
10424 4294963201
10420 3489660928
10430 3758096384
312e0 1
312e4 0
10434 4026531840
312c0 1168
31300 65606
1030004 0
10e00 2852126720
31308 0
104c4 0
104c8 400
104c0 4026531840
104a0 0
31314 0
31500 0
31504 0
31508 0
31310 10
104a4 0
104a8 100
31510 4
31514 2097156
31518 0
314b8 0
1053c 0
314a8 0
314b4 0
10558 0
1055c 0
10560 0
314b0 0
1054c 0
10550 0
10554 0
314ac 0
10540 0
10544 0
10548 0
10578 0
1057c 0
105cc 0
1030000 0
105e4 0
105e0 0
314bc 0
10564 0
10568 0
1056c 0
104f0 4253024256
31360 4096
313a0 0
31380 27000
313c0 0
313f0 0
10004 4290772992
36074 1
36004 1
36014 855
10e0c 1024
10e04 4096
10e08 4294963200
10400 3489660928
31324 0
31320 128
10408 255
10404 0
104b0 3489660928
31334 0
31330 128
104b8 255
104b4 0
10580 0
10584 0
10588 0
105a4 0
105a0 0
105a8 0
105c4 0
105c0 0
10600 3354394624
31700 0
31704 0
10640 1023
10620 0
10660 1
b0000 527860
106a0 4095
10680 0
106c0 1
10980 4290772992
10984 2147483648
33100 128
33110 128
10990 3758096384
33120 0
10994 3758096384
33130 0
33140 0
33180 10000
1099c 4294967295
10998 0
109a0 1
33170 0
109a8 4294967295
109a4 0
109ac 1
10a00 4160749568
33300 128
10a04 3221225472
33304 0
33318 0
33308 1
10a0c 128
10a08 1
10a10 1
3330c 1
10a18 32
10a14 1
10a1c 1
33310 1
10a24 128
10a20 1
10a28 1
3331c 0
33314 0
10b04 4289929312
10b00 3221225472
33580 1
e1020 0
40008 0
40004 0
4000c 0
10e5c 0
10720 3425697792
40024 0
40020 0
40014 0
400cc 0
40018 4096
4001c 0
314a0 0
e100c 1
40028 0
e1014 1
10808 3758096384
40010 0
33560 0
33584 1024
10e20 0
10e24 4095
10e28 1
33564 1024
33568 1024
3356c 1024
33570 0
400b4 0
400b8 0
10e44 0
10e48 0
10e4c 0
400bc 0
400c0 0
400c4 0
400b0 0
400c8 0
e1114 0
e1118 0
10e50 0
10e54 0
10e58 0
33574 1024
10e30 2038
10e2c 0
33578 0
10e38 0
10e34 0
3357c 0
10280 3623893504
32000 0
308e4 0
10288 3623878656
34004 0
30d80 0
31120 65535
34104 1
30d88 12595
30da0 0
31124 1
33e00 0
30d2c 0
30d08 8
30d30 0
30d3c 0
30ea0 0
1028c 3623878656
30d84 0
30f20 10
10290 0
10294 1000000000
33f04 1000
10298 100
30d28 0
30d34 0
30d38 0
30d24 0
33f84 0
102dc 3758096384
30fa0 0
1029c 0
102a0 50000
102a4 1
31020 0
102a8 0
102ac 10000
102b0 1
310a0 0
102b4 0
102b8 5000
102bc 1
310a4 0
103c0 0
103c4 0
90c 0
970 1
9804 0
9800 0
10840 4143972352
10844 2147483648
10870 2149124096
10874 3758096384
32080 0
10878 2415919104
32100 0
32300 10000
10868 4294967295
10864 1
1086c 1
32380 0
32400 0
10b18 4290772992
10800 4294967295
339e0 0
10b1c 2818572288
10b20 4026531840
339c0 97
10b24 3221225472
337a0 0
337c0 0
10b2c 0
10b30 4294967295
10b34 1
33860 0
10b38 0
10b3c 1056
10b40 1
10b28 3221225472
33900 0
339a0 0
10c00 114688
33b04 36876
33b00 0
33c00 0
33c04 7937
31900 5898240
10f00 3338667520
3190c 1
0 131072
8 17574
c 1109059539
10 2147483655
92c 3221225472
14 5
24 171979388
34 4294967040
44 171979518
64c 171979388
65c 4294967040
66c 171979518
954 0
938 3000
958 0
93c 0
940 100000000
948 0
94c 0
a00 1
b00 52024
b10 171979289
b14 0
10c04 30000
b18 0
b1c 5686
31904 0
d08 400
10130 1000000
10134 0
d18 171979289
d1c 9001
96c 0
960 0
10f04 2281701376
36404 0
36408 0
36428 0
36448 0
3646c 177
10f08 177
3648c 0
3696c 0
364ac 0
31800 0
31804 0
31810 0
102d8 0
31364 0
313a4 0
31384 0
313c4 0
313f4 0
36018 0
3601c 0
36020 0
36024 0
36028 0
3602c 0
36030 0
36034 0
34108 0
30da4 0
31128 0
33e04 0
30f24 0
33f08 0
33f88 0
30fa4 0
31024 0
34110 0
30dac 0
31130 0
33e0c 0
30f2c 0
33f10 0
33f90 0
30fac 0
3102c 0
34114 0
30db0 0
31134 0
33e10 0
30f30 0
33f14 0
33f94 0
30fb0 0
31030 0
