10800 4294967295
31804 0
39130 0
31808 0
10104 3221261216
20c 0
30048 687931392
3004c 109051904
301b4 1359085568
3401b 16777216
34020 33554432
30160 0
30164 167772160
30174 0
30178 13277755
10004 227
3a05c 8396544
38500 0
38518 16777216
38508 0
3850c 0
38510 0
38514 0
3a070 57528
30c00 0
30c10 0
30c20 0
30c30 0
30c40 0
30c50 0
30c60 0
30c70 0
30c80 33554432
10280 16777215
30c90 0
30ca0 0
30cb0 3892510720
30cc0 0
30cd0 0
3a068 402653315
3a060 240
3d040 16777216
3a054 6343903
3d050 0
39100 0
3d070 0
3d080 0
3d000 0
3d010 0
3e000 0
3e004 0
3e008 0
3d030 0
102cc 167772160
102d0 270991360
102d4 16777216
39110 0
30360 0
303a0 0
303e0 0
30420 0
30610 0
3c228 0
30840 0
30860 0
30870 0
30850 0
10224 0
10220 2415984640
3c208 0
3d008 0
3c210 0
3c240 0
3c220 0
3c230 0
3e00c 0
3e010 0
3e014 0
3c218 0
39000 0
39010 0
39030 0
39040 0
39050 262144
3a004 2097152
3a000 536870912
3a008 67108864
39060 3758161920
3a010 2097152
3a00c 536870912
3a014 67108864
39070 0
3a01c 2097152
3a018 0
3a020 67108864
39080 0
3a028 2097152
3a024 0
3a02c 67108864
39090 0
390d0 0
3a030 0
3a034 4279173120
3a038 16777216
390e0 0
3a03c 0
3a040 4279173120
3a044 16777216
390a0 0
31300 1174405376
104c4 0
104c8 2415984640
390b0 0
390c0 0
390f0 0
3a048 134217728
3a04c 4294901760
3a050 16777216
39120 0
1c560 0
1b500 0
1b510 0
1c500 0
1c510 0
1c520 0
1b520 0
1c530 0
1c540 0
1c550 0
1b530 0
1b540 0
1b550 0
1b560 0
3a058 0
3c100 0
3c104 0
3c10c 33554432
3c110 0
4020 0
401c 0
4024 0
4028 0
4030 0
34000 0
34004 0
34008 0
34010 0
34024 0
10980 49407
10984 192
33100 2130706432
33110 2130706432
10990 192
33120 0
10994 192
33130 0
33140 0
33170 0
109a8 4294901760
109a4 0
109ac 16777216
331c0 0
331a0 0
109c8 16777216
109cc 2147483648
109d0 16777216
33190 0
109b0 16777216
109b4 536870912
109b8 16777216
331b0 0
109bc 16777216
109c0 2147483648
109c4 16777216
331d0 0
33208 0
3320c 0
33230 0
33210 16318209
33220 4294967295
39a00 0
39140 0
39144 0
39148 0
39168 0
39308 0
3a06c 63695
3a064 0
10284 61695
30d00 0
10288 16715520
3c000 0
34608 0
34e08 4278190080
34a08 1677721600
10294 2649070
10290 0
10298 1677721600
36100 0
36000 655360
36080 167772160
38620 2130706432
38660 0
38680 0
37000 0
37020 0
37040 0
37060 0
37080 0
370a0 0
32680 0
32780 83886080
32e80 0
32b80 4278190080
102d8 0
32d80 0
32c80 0
32f20 0
10b18 49407
339e0 0
10b20 240
339c0 1627389952
10b24 192
337a0 0
337c0 0
10b2c 0
10b30 4294967295
10b34 16777216
33860 0
10b38 0
10b3c 537133056
10b40 16777216
10b28 192
33900 0
339a0 0
31800 0
31810 0
3851c 16777216
30c04 0
30c14 0
30c24 0
30c34 0
30c44 0
30c54 0
30c64 0
30c74 0
30c84 33554432
30c94 0
30ca4 0
30cb4 3892510720
30cc4 0
30cd4 0
38520 16777216
30c08 0
30c18 0
30c28 0
30c38 0
30c48 0
30c58 0
30c68 0
30c78 0
30c88 33554432
30c98 0
30ca8 0
30cb8 3892510720
30cc8 0
30cd8 0
38524 16777216
30c0c 0
30c1c 0
30c2c 0
30c3c 0
30c4c 0
30c5c 0
30c6c 0
30c7c 0
30c8c 33554432
30c9c 0
30cac 0
30cbc 3892510720
30ccc 0
30cdc 0
33104 2130706432
33114 2130706432
33124 0
33134 0
33144 0
33174 0
331c4 0
331a4 0
33194 0
331b4 0
331d4 0
33234 0
33214 0
33224 0
30d04 0
3c004 0
3460c 0
34e0c 4278190080
34a0c 1677721600
36104 0
36004 655360
36084 167772160
30d08 0
3c008 0
34610 0
34e10 4278190080
34a10 1677721600
36108 0
36008 655360
36088 167772160
30d0c 0
3c00c 0
34614 0
34e14 4278190080
34a14 1677721600
3610c 0
3600c 655360
3608c 167772160
30d10 0
3c010 0
34618 0
34e18 4278190080
34a18 1677721600
36110 0
36010 403308544
36090 167772160
30d14 0
3c014 0
3461c 0
34e1c 4278190080
34a1c 1677721600
36114 0
36014 403308544
36094 167772160
30d18 0
3c018 0
34620 0
34e20 4278190080
34a20 1677721600
36118 0
36018 403308544
36098 167772160
30d1c 0
3c01c 0
34624 0
34e24 4278190080
34a24 1677721600
3611c 0
3601c 403308544
3609c 167772160
30d20 0
3c020 0
34628 0
34e28 4278190080
34a28 1677721600
36120 0
36020 537526272
360a0 167772160
30d24 0
3c024 0
3462c 0
34e2c 4278190080
34a2c 1677721600
36124 0
36024 537526272
360a4 167772160
30d28 0
3c028 0
34630 0
34e30 4278190080
34a30 1677721600
36128 0
36028 537526272
360a8 167772160
30d2c 0
3c02c 0
34634 0
34e34 4278190080
34a34 1677721600
3612c 0
3602c 537526272
360ac 167772160
30d30 16777216
3c030 0
34638 0
34e38 4278190080
34a38 1677721600
36130 0
36030 83820544
360b0 0
30d34 16777216
3c034 0
3463c 0
34e3c 4278190080
34a3c 1677721600
36134 0
36034 83820544
360b4 0
30d38 16777216
3c038 0
34640 0
34e40 4278190080
34a40 1677721600
36138 0
36038 83820544
360b8 0
30d3c 16777216
3c03c 0
34644 0
34e44 4278190080
34a44 1677721600
3613c 0
3603c 83820544
360bc 0
30d40 16777216
3c040 0
34648 0
34e48 4278190080
34a48 1677721600
36140 0
36040 352256000
360c0 0
30d44 16777216
3c044 0
3464c 0
34e4c 4278190080
34a4c 1677721600
36144 0
36044 352256000
360c4 0
30d48 16777216
3c048 0
34650 0
34e50 4278190080
34a50 1677721600
36148 0
36048 352256000
360c8 0
30d4c 16777216
3c04c 0
34654 0
34e54 4278190080
34a54 1677721600
3614c 0
3604c 352256000
360cc 0
30d50 16777216
3c050 0
34658 0
34e58 4278190080
34a58 1677721600
36150 0
36050 620691456
360d0 0
30d54 16777216
3c054 0
3465c 0
34e5c 4278190080
34a5c 1677721600
36154 0
36054 620691456
360d4 0
30d58 16777216
3c058 0
34660 0
34e60 4278190080
34a60 1677721600
36158 0
36058 620691456
360d8 0
30d5c 16777216
3c05c 0
34664 0
34e64 4278190080
34a64 1677721600
3615c 0
3605c 620691456
360dc 0
32684 0
32784 83886080
32e84 0
32b84 4278190080
32c84 0
32f24 0
32688 0
32788 83886080
32e88 0
32b88 4278190080
32c88 0
32f28 0
3268c 0
3278c 83886080
32e8c 0
32b8c 4278190080
32c8c 0
32f2c 0
3d044 16777216
3d054 0
39104 0
3d074 0
3d084 0
3d004 0
3d014 0
3d034 0
39114 0
30364 0
303a4 0
303e4 0
30424 0
3c22c 0
30844 0
30864 0
30874 0
30854 0
3c20c 0
3d00c 0
3c214 0
3c244 0
3c224 0
3c234 0
3c21c 0
39004 0
39014 0
39034 0
39044 0
39054 262144
39064 3758161920
39074 0
39084 0
39094 0
390d4 0
390e4 0
390a4 0
31304 1174405376
390b4 0
390c4 0
390f4 0
39124 0
1b514 0
1c504 0
1c514 0
1c524 0
1b524 0
1c534 0
1c544 0
1c554 0
1b534 0
1b544 0
1b554 0
1b564 0
3d048 16777216
3d058 0
39108 0
3d078 0
3d088 0
3d018 0
3d038 0
39118 0
30368 0
303a8 0
303e8 0
30428 0
30848 0
30868 0
30878 0
30858 0
3c248 0
3c238 0
39008 0
39018 0
39038 0
39048 0
39058 262144
39068 3758161920
39078 0
39088 0
39098 0
390d8 0
390e8 0
390a8 0
31308 1174405376
390b8 0
390c8 0
390f8 0
39128 0
1b518 0
1c508 0
1c518 0
1c528 0
1b528 0
1c538 0
1c548 0
1c558 0
1b538 0
1b548 0
1b558 0
1b568 0
3d04c 16777216
3d05c 0
3910c 0
3d07c 0
3d08c 0
3d01c 0
3d03c 0
3911c 0
3036c 0
303ac 0
303ec 0
3042c 0
3084c 0
3086c 0
3087c 0
3085c 0
3c24c 0
3c23c 0
3900c 0
3901c 0
3903c 0
3904c 0
3905c 262144
3906c 3758161920
3907c 0
3908c 0
3909c 0
390dc 0
390ec 0
390ac 0
3130c 1174405376
390bc 0
390cc 0
390fc 0
3912c 0
1b51c 0
1c50c 0
1c51c 0
1c52c 0
1b52c 0
1c53c 0
1c54c 0
1c55c 0
1b53c 0
1b54c 0
1b55c 0
1b56c 0
